T2,PZU,160739,20170922,2672,47.94,879.00,48.15,46.88,1471458.00,70139056.57,47.00,160739,gpw,2672
T2,PZU,160739,20170922,2673,47.94,1758.00,48.15,46.88,1473216.00,70223335.09,47.00,160739,gpw,2673
T2,PZU,160741,20170922,2674,47.94,574.00,48.15,46.88,1473790.00,70250852.65,47.00,160741,gpw,2674
T2,PZU,160741,20170922,2675,47.94,1462.00,48.15,46.88,1475252.00,70320940.93,47.00,160741,gpw,2675
T2,PZU,160741,20170922,2676,47.94,793.00,48.15,46.88,1476045.00,70358957.35,47.00,160741,gpw,2676
T2,PZU,160741,20170922,2677,47.94,648.00,48.15,46.88,1476693.00,70390022.47,47.00,160741,gpw,2677
T2,PZU,160750,20170922,2678,47.94,366.00,48.15,46.88,1477059.00,70407568.51,47.00,160750,gpw,2678
T2,PZU,160750,20170922,2679,47.94,366.00,48.15,46.88,1477425.00,70425114.55,47.00,160750,gpw,2679
T2,PZU,160810,20170922,2680,47.94,415.00,48.15,46.88,1477840.00,70445009.65,47.00,160810,gpw,2680
T2,PZU,160825,20170922,2681,47.94,438.00,48.15,46.88,1478278.00,70466007.37,47.00,160825,gpw,2681
T2,PZU,160825,20170922,2682,47.94,150.00,48.15,46.88,1478428.00,70473198.37,47.00,160825,gpw,2682
T2,PZU,160825,20170922,2683,47.94,401.00,48.15,46.88,1478829.00,70492422.31,47.00,160825,gpw,2683
T2,PZU,160909,20170922,2684,47.92,374.00,48.15,46.88,1479203.00,70510344.39,47.00,160909,gpw,2684
T2,PZU,160909,20170922,2685,47.92,243.00,48.15,46.88,1479446.00,70521988.95,47.00,160909,gpw,2685
T2,PZU,160909,20170922,2686,47.92,637.00,48.15,46.88,1480083.00,70552513.99,47.00,160909,gpw,2686
T2,PZU,160909,20170922,2687,47.92,420.00,48.15,46.88,1480503.00,70572640.39,47.00,160909,gpw,2687
T2,PZU,160909,20170922,2688,47.92,366.00,48.15,46.88,1480869.00,70590179.11,47.00,160909,gpw,2688
T2,PZU,160909,20170922,2689,47.92,363.00,48.15,46.88,1481232.00,70607574.07,47.00,160909,gpw,2689
T2,PZU,160909,20170922,2690,47.92,398.00,48.15,46.88,1481630.00,70626646.23,47.00,160909,gpw,2690
T2,PZU,160910,20170922,2691,47.91,329.00,48.15,46.88,1481959.00,70642408.62,47.00,160910,gpw,2691
T2,PZU,160910,20170922,2692,47.91,418.00,48.15,46.88,1482377.00,70662435.00,47.00,160910,gpw,2692
T2,PZU,160910,20170922,2693,47.91,375.00,48.15,46.88,1482752.00,70680401.25,47.00,160910,gpw,2693
T2,PZU,160950,20170922,2694,47.89,339.00,48.15,46.88,1483091.00,70696635.96,47.00,160950,gpw,2694
T2,PZU,160952,20170922,2695,47.87,200.00,48.15,46.88,1483291.00,70706209.96,47.00,160952,gpw,2695
T2,PZU,161055,20170922,2696,47.84,400.00,48.15,46.88,1483691.00,70725345.96,47.00,161055,gpw,2696
T2,PZU,161055,20170922,2697,47.84,897.00,48.15,46.88,1484588.00,70768258.44,47.00,161055,gpw,2697
T2,PZU,161055,20170922,2698,47.82,1000.00,48.15,46.88,1485588.00,70816078.44,47.00,161055,gpw,2698
T2,PZU,161055,20170922,2699,47.81,243.00,48.15,46.88,1485831.00,70827696.27,47.00,161055,gpw,2699
T2,PZU,161055,20170922,2700,47.80,900.00,48.15,46.88,1486731.00,70870716.27,47.00,161055,gpw,2700
T2,PZU,161055,20170922,2701,47.80,389.00,48.15,46.88,1487120.00,70889310.47,47.00,161055,gpw,2701
T2,PZU,161055,20170922,2702,47.80,562.00,48.15,46.88,1487682.00,70916174.07,47.00,161055,gpw,2702
T2,PZU,161055,20170922,2703,47.80,1361.00,48.15,46.88,1489043.00,70981229.87,47.00,161055,gpw,2703
T2,PZU,161120,20170922,2704,47.81,200.00,48.15,46.88,1489243.00,70990791.87,47.00,161120,gpw,2704
T2,PZU,161120,20170922,2705,47.82,82.00,48.15,46.88,1489325.00,70994713.11,47.00,161120,gpw,2705
T2,PZU,161140,20170922,2706,47.84,94.00,48.15,46.88,1489419.00,70999210.07,47.00,161140,gpw,2706
T2,PZU,161200,20170922,2707,47.83,200.00,48.15,46.88,1489619.00,71008776.07,47.00,161200,gpw,2707
T2,PZU,161200,20170922,2708,47.83,476.00,48.15,46.88,1490095.00,71031543.15,47.00,161200,gpw,2708
T2,PZU,161200,20170922,2709,47.83,939.00,48.15,46.88,1491034.00,71076455.52,47.00,161200,gpw,2709
T2,PZU,161215,20170922,2710,47.82,566.00,48.15,46.88,1491600.00,71103521.64,47.00,161215,gpw,2710
T2,PZU,161215,20170922,2711,47.82,380.00,48.15,46.88,1491980.00,71121693.24,47.00,161215,gpw,2711
T2,PZU,161215,20170922,2712,47.82,711.00,48.15,46.88,1492691.00,71155693.26,47.00,161215,gpw,2712
T2,PZU,161734,20170922,2713,47.88,243.00,48.15,46.88,1492934.00,71167328.10,47.00,161734,gpw,2713
T2,PZU,161734,20170922,2714,47.88,636.00,48.15,46.88,1493570.00,71197779.78,47.00,161734,gpw,2714
T2,PZU,161734,20170922,2715,47.87,243.00,48.15,46.88,1493813.00,71209412.19,47.00,161734,gpw,2715
T2,PZU,161744,20170922,2716,47.88,585.00,48.15,46.88,1494398.00,71237421.99,47.00,161744,gpw,2716
T2,PZU,161744,20170922,2717,47.88,294.00,48.15,46.88,1494692.00,71251498.71,47.00,161744,gpw,2717
T2,PZU,161744,20170922,2718,47.88,143.00,48.15,46.88,1494835.00,71258345.55,47.00,161744,gpw,2718
T2,PZU,161750,20170922,2719,47.88,553.00,48.15,46.88,1495388.00,71284823.19,47.00,161750,gpw,2719
T2,PZU,161750,20170922,2720,47.88,387.00,48.15,46.88,1495775.00,71303352.75,47.00,161750,gpw,2720
T2,PZU,161751,20170922,2721,47.91,149.00,48.15,46.88,1495924.00,71310491.34,47.00,161751,gpw,2721
T2,PZU,161810,20170922,2722,47.91,739.00,48.15,46.88,1496663.00,71345896.83,47.00,161810,gpw,2722
T2,PZU,161810,20170922,2723,47.91,111.00,48.15,46.88,1496774.00,71351214.84,47.00,161810,gpw,2723
T2,PZU,161810,20170922,2724,47.91,90.00,48.15,46.88,1496864.00,71355526.74,47.00,161810,gpw,2724
T2,PZU,161819,20170922,2725,47.92,114.00,48.15,46.88,1496978.00,71360989.62,47.00,161819,gpw,2725
T2,PZU,161819,20170922,2726,47.92,171.00,48.15,46.88,1497149.00,71369183.94,47.00,161819,gpw,2726
T2,PZU,161846,20170922,2727,47.93,79.00,48.15,46.88,1497228.00,71372970.41,47.00,161846,gpw,2727
T2,PZU,161846,20170922,2728,47.93,114.00,48.15,46.88,1497342.00,71378434.43,47.00,161846,gpw,2728
T2,PZU,161847,20170922,2729,47.94,243.00,48.15,46.88,1497585.00,71390083.85,47.00,161847,gpw,2729
T2,PZU,161856,20170922,2730,47.94,1500.00,48.15,46.88,1499085.00,71461993.85,47.00,161856,gpw,2730
T2,PZU,161856,20170922,2731,47.94,396.00,48.15,46.88,1499481.00,71480978.09,47.00,161856,gpw,2731
T2,PZU,161857,20170922,2732,47.94,1000.00,48.15,46.88,1500481.00,71528918.09,47.00,161857,gpw,2732
T2,PZU,161857,20170922,2733,47.94,45.00,48.15,46.88,1500526.00,71531075.39,47.00,161857,gpw,2733
T2,PZU,161857,20170922,2734,47.95,100.00,48.15,46.88,1500626.00,71535870.39,47.00,161857,gpw,2734
T2,PZU,161857,20170922,2735,47.95,500.00,48.15,46.88,1501126.00,71559845.39,47.00,161857,gpw,2735
T2,PZU,161858,20170922,2736,47.96,1000.00,48.15,46.88,1502126.00,71607805.39,47.00,161858,gpw,2736
T2,PZU,161930,20170922,2737,47.96,600.00,48.15,46.88,1502726.00,71636581.39,47.00,161930,gpw,2737
T2,PZU,162005,20170922,2738,47.96,73.00,48.15,46.88,1502799.00,71640082.47,47.00,162005,gpw,2738
T2,PZU,162005,20170922,2739,47.96,79.00,48.15,46.88,1502878.00,71643871.31,47.00,162005,gpw,2739
T2,PZU,162050,20170922,2740,47.97,60.00,48.15,46.88,1502938.00,71646749.51,47.00,162050,gpw,2740
T2,PZU,162100,20170922,2741,47.97,715.00,48.15,46.88,1503653.00,71681048.06,47.00,162100,gpw,2741
T2,PZU,162100,20170922,2742,47.97,39.00,48.15,46.88,1503692.00,71682918.89,47.00,162100,gpw,2742
T2,PZU,162100,20170922,2743,47.97,422.00,48.15,46.88,1504114.00,71703162.23,47.00,162100,gpw,2743
T2,PZU,162103,20170922,2744,47.97,682.00,48.15,46.88,1504796.00,71735877.77,47.00,162103,gpw,2744
T2,PZU,162109,20170922,2745,47.97,582.00,48.15,46.88,1505378.00,71763796.31,47.00,162109,gpw,2745
T2,PZU,162120,20170922,2746,47.97,402.00,48.15,46.88,1505780.00,71783080.25,47.00,162120,gpw,2746
T2,PZU,162125,20170922,2747,47.97,669.00,48.15,46.88,1506449.00,71815172.18,47.00,162125,gpw,2747
T2,PZU,162125,20170922,2748,47.97,210.00,48.15,46.88,1506659.00,71825245.88,47.00,162125,gpw,2748
T2,PZU,162125,20170922,2749,47.97,395.00,48.15,46.88,1507054.00,71844194.03,47.00,162125,gpw,2749
T2,PZU,162125,20170922,2750,47.97,1758.00,48.15,46.88,1508812.00,71928525.29,47.00,162125,gpw,2750
T2,PZU,162125,20170922,2751,47.97,549.00,48.15,46.88,1509361.00,71954860.82,47.00,162125,gpw,2751
T2,PZU,162125,20170922,2752,47.97,1455.00,48.15,46.88,1510816.00,72024657.17,47.00,162125,gpw,2752
T2,PZU,162125,20170922,2753,47.97,451.00,48.15,46.88,1511267.00,72046291.64,47.00,162125,gpw,2753
T2,PZU,162125,20170922,2754,47.97,457.00,48.15,46.88,1511724.00,72068213.93,47.00,162125,gpw,2754
T2,PZU,162125,20170922,2755,47.97,413.00,48.15,46.88,1512137.00,72088025.54,47.00,162125,gpw,2755
T2,PZU,162126,20170922,2756,47.97,635.00,48.15,46.88,1512772.00,72118486.49,47.00,162126,gpw,2756
T2,PZU,162136,20170922,2757,47.97,316.00,48.15,46.88,1513088.00,72133645.01,47.00,162136,gpw,2757
T2,PZU,162136,20170922,2758,47.97,563.00,48.15,46.88,1513651.00,72160652.12,47.00,162136,gpw,2758
T2,PZU,162136,20170922,2759,47.97,577.00,48.15,46.88,1514228.00,72188330.81,47.00,162136,gpw,2759
T2,PZU,162136,20170922,2760,47.97,382.00,48.15,46.88,1514610.00,72206655.35,47.00,162136,gpw,2760
T2,PZU,162140,20170922,2761,47.97,879.00,48.15,46.88,1515489.00,72248820.98,47.00,162140,gpw,2761
T2,PZU,162142,20170922,2762,47.97,451.00,48.15,46.88,1515940.00,72270455.45,47.00,162142,gpw,2762
T2,PZU,162142,20170922,2763,47.97,459.00,48.15,46.88,1516399.00,72292473.68,47.00,162142,gpw,2763
T2,PZU,162142,20170922,2764,47.97,359.00,48.15,46.88,1516758.00,72309694.91,47.00,162142,gpw,2764
T2,PZU,162143,20170922,2765,47.97,637.00,48.15,46.88,1517395.00,72340251.80,47.00,162143,gpw,2765
T2,PZU,162149,20170922,2766,47.97,879.00,48.15,46.88,1518274.00,72382417.43,47.00,162149,gpw,2766
T2,PZU,162205,20170922,2767,47.96,408.00,48.15,46.88,1518682.00,72401985.11,47.00,162205,gpw,2767
T2,PZU,162205,20170922,2768,47.96,418.00,48.15,46.88,1519100.00,72422032.39,47.00,162205,gpw,2768
T2,PZU,162205,20170922,2769,47.96,133.00,48.15,46.88,1519233.00,72428411.07,47.00,162205,gpw,2769
T2,PZU,162205,20170922,2770,47.96,274.00,48.15,46.88,1519507.00,72441552.11,47.00,162205,gpw,2770
T2,PZU,162205,20170922,2771,47.96,314.00,48.15,46.88,1519821.00,72456611.55,47.00,162205,gpw,2771
T2,PZU,162205,20170922,2772,47.96,132.00,48.15,46.88,1519953.00,72462942.27,47.00,162205,gpw,2772
T2,PZU,162205,20170922,2773,47.96,275.00,48.15,46.88,1520228.00,72476131.27,47.00,162205,gpw,2773
T2,PZU,162205,20170922,2774,47.96,275.00,48.15,46.88,1520503.00,72489320.27,47.00,162205,gpw,2774
T2,PZU,162215,20170922,2775,47.97,305.00,48.15,46.88,1520808.00,72503951.12,47.00,162215,gpw,2775
T2,PZU,162215,20170922,2776,47.97,55.00,48.15,46.88,1520863.00,72506589.47,47.00,162215,gpw,2776
T2,PZU,162215,20170922,2777,47.96,466.00,48.15,46.88,1521329.00,72528938.83,47.00,162215,gpw,2777
T2,PZU,162215,20170922,2778,47.96,657.00,48.15,46.88,1521986.00,72560448.55,47.00,162215,gpw,2778
T2,PZU,162215,20170922,2779,47.95,375.00,48.15,46.88,1522361.00,72578429.80,47.00,162215,gpw,2779
T2,PZU,162215,20170922,2780,47.95,321.00,48.15,46.88,1522682.00,72593821.75,47.00,162215,gpw,2780
T2,PZU,162215,20170922,2781,47.95,427.00,48.15,46.88,1523109.00,72614296.40,47.00,162215,gpw,2781
T2,PZU,162215,20170922,2782,47.95,53.00,48.15,46.88,1523162.00,72616837.75,47.00,162215,gpw,2782
T2,PZU,162238,20170922,2783,47.95,200.00,48.15,46.88,1523362.00,72626427.75,47.00,162238,gpw,2783
T2,PZU,162250,20170922,2784,47.95,122.00,48.15,46.88,1523484.00,72632277.65,47.00,162250,gpw,2784
T2,PZU,162250,20170922,2785,47.95,392.00,48.15,46.88,1523876.00,72651074.05,47.00,162250,gpw,2785
T2,PZU,162301,20170922,2786,47.95,243.00,48.15,46.88,1524119.00,72662725.90,47.00,162301,gpw,2786
T2,PZU,162301,20170922,2787,47.96,636.00,48.15,46.88,1524755.00,72693228.46,47.00,162301,gpw,2787
T2,PZU,162339,20170922,2788,47.96,241.00,48.15,46.88,1524996.00,72704786.82,47.00,162339,gpw,2788
T2,PZU,162339,20170922,2789,47.96,406.00,48.15,46.88,1525402.00,72724258.58,47.00,162339,gpw,2789
T2,PZU,162339,20170922,2790,47.97,196.00,48.15,46.88,1525598.00,72733660.70,47.00,162339,gpw,2790
T2,PZU,162339,20170922,2791,47.97,36.00,48.15,46.88,1525634.00,72735387.62,47.00,162339,gpw,2791
T2,PZU,162408,20170922,2792,47.97,879.00,48.15,46.88,1526513.00,72777553.25,47.00,162408,gpw,2792
T2,PZU,162438,20170922,2793,47.96,500.00,48.15,46.88,1527013.00,72801533.25,47.00,162438,gpw,2793
T2,PZU,162438,20170922,2794,47.96,964.00,48.15,46.88,1527977.00,72847766.69,47.00,162438,gpw,2794
T2,PZU,162439,20170922,2795,47.96,36.00,48.15,46.88,1528013.00,72849493.25,47.00,162439,gpw,2795
T2,PZU,162516,20170922,2796,47.96,30.00,48.15,46.88,1528043.00,72850932.05,47.00,162516,gpw,2796
T2,PZU,162557,20170922,2797,47.97,706.00,48.15,46.88,1528749.00,72884798.87,47.00,162557,gpw,2797
T2,PZU,162557,20170922,2798,47.97,173.00,48.15,46.88,1528922.00,72893097.68,47.00,162557,gpw,2798
T2,PZU,162557,20170922,2799,47.97,243.00,48.15,46.88,1529165.00,72904754.39,47.00,162557,gpw,2799
T2,PZU,162620,20170922,2800,47.97,428.00,48.15,46.88,1529593.00,72925285.55,47.00,162620,gpw,2800
T2,PZU,162620,20170922,2801,47.97,360.00,48.15,46.88,1529953.00,72942554.75,47.00,162620,gpw,2801
T2,PZU,162620,20170922,2802,47.97,91.00,48.15,46.88,1530044.00,72946920.02,47.00,162620,gpw,2802
T2,PZU,162623,20170922,2803,47.97,1575.00,48.15,46.88,1531619.00,73022472.77,47.00,162623,gpw,2803
T2,PZU,162623,20170922,2804,47.97,183.00,48.15,46.88,1531802.00,73031251.28,47.00,162623,gpw,2804
T2,PZU,162628,20170922,2805,47.96,200.00,48.15,46.88,1532002.00,73040843.28,47.00,162628,gpw,2805
T2,PZU,162628,20170922,2806,47.96,302.00,48.15,46.88,1532304.00,73055327.20,47.00,162628,gpw,2806
T2,PZU,162628,20170922,2807,47.96,582.00,48.15,46.88,1532886.00,73083239.92,47.00,162628,gpw,2807
T2,PZU,162632,20170922,2808,47.97,879.00,48.15,46.88,1533765.00,73125405.55,47.00,162632,gpw,2808
T2,PZU,162638,20170922,2809,47.97,480.00,48.15,46.88,1534245.00,73148431.15,47.00,162638,gpw,2809
T2,PZU,162638,20170922,2810,47.97,61.00,48.15,46.88,1534306.00,73151357.32,47.00,162638,gpw,2810
T2,PZU,162644,20170922,2811,47.99,200.00,48.15,46.88,1534506.00,73160955.32,47.00,162644,gpw,2811
T2,PZU,162644,20170922,2812,47.99,243.00,48.15,46.88,1534749.00,73172616.89,47.00,162644,gpw,2812
T2,PZU,162644,20170922,2813,48.00,17.00,48.15,46.88,1534766.00,73173432.89,47.00,162644,gpw,2813
T2,PZU,162644,20170922,2814,48.00,30.00,48.15,46.88,1534796.00,73174872.89,47.00,162644,gpw,2814
T2,PZU,162644,20170922,2815,48.00,389.00,48.15,46.88,1535185.00,73193544.89,47.00,162644,gpw,2815
T2,PZU,162705,20170922,2816,48.00,34.00,48.15,46.88,1535219.00,73195176.89,47.00,162705,gpw,2816
T2,PZU,162726,20170922,2817,48.00,977.00,48.15,46.88,1536196.00,73242072.89,47.00,162726,gpw,2817
T2,PZU,162726,20170922,2818,48.00,150.00,48.15,46.88,1536346.00,73249272.89,47.00,162726,gpw,2818
T2,PZU,162726,20170922,2819,48.00,30.00,48.15,46.88,1536376.00,73250712.89,47.00,162726,gpw,2819
T2,PZU,162726,20170922,2820,48.00,8.00,48.15,46.88,1536384.00,73251096.89,47.00,162726,gpw,2820
T2,PZU,162726,20170922,2821,48.00,3835.00,48.15,46.88,1540219.00,73435176.89,47.00,162726,gpw,2821
T2,PZU,162726,20170922,2822,48.00,419.00,48.15,46.88,1540638.00,73455288.89,47.00,162726,gpw,2822
T2,PZU,162726,20170922,2823,48.00,480.00,48.15,46.88,1541118.00,73478328.89,47.00,162726,gpw,2823
T2,PZU,162726,20170922,2824,48.00,240.00,48.15,46.88,1541358.00,73489848.89,47.00,162726,gpw,2824
T2,PZU,162726,20170922,2825,48.00,5.00,48.15,46.88,1541363.00,73490088.89,47.00,162726,gpw,2825
T2,PZU,162726,20170922,2826,48.00,234.00,48.15,46.88,1541597.00,73501320.89,47.00,162726,gpw,2826
T2,PZU,162726,20170922,2827,48.00,143.00,48.15,46.88,1541740.00,73508184.89,47.00,162726,gpw,2827
T2,PZU,162726,20170922,2828,48.01,77.00,48.15,46.88,1541817.00,73511881.66,47.00,162726,gpw,2828
T2,PZU,162726,20170922,2829,48.01,243.00,48.15,46.88,1542060.00,73523548.09,47.00,162726,gpw,2829
T2,PZU,162726,20170922,2830,48.05,250.00,48.15,46.88,1542310.00,73535560.59,47.00,162726,gpw,2830
T2,PZU,162726,20170922,2831,48.06,695.00,48.15,46.88,1543005.00,73568962.29,47.00,162726,gpw,2831
T2,PZU,162726,20170922,2832,48.06,587.00,48.15,46.88,1543592.00,73597173.51,47.00,162726,gpw,2832
T2,PZU,162727,20170922,2833,48.02,100.00,48.15,46.88,1543692.00,73601975.51,47.00,162727,gpw,2833
T2,PZU,162727,20170922,2834,48.04,410.00,48.15,46.88,1544102.00,73621671.91,47.00,162727,gpw,2834
T2,PZU,162727,20170922,2835,48.02,542.00,48.15,46.88,1544644.00,73647698.75,47.00,162727,gpw,2835
T2,PZU,162729,20170922,2836,48.02,278.00,48.15,46.88,1544922.00,73661048.31,47.00,162729,gpw,2836
T2,PZU,162729,20170922,2837,48.01,1000.00,48.15,46.88,1545922.00,73709058.31,47.00,162729,gpw,2837
T2,PZU,162729,20170922,2838,48.01,472.00,48.15,46.88,1546394.00,73731719.03,47.00,162729,gpw,2838
T2,PZU,162736,20170922,2839,48.00,31.00,48.15,46.88,1546425.00,73733207.03,47.00,162736,gpw,2839
T2,PZU,162736,20170922,2840,48.00,313.00,48.15,46.88,1546738.00,73748231.03,47.00,162736,gpw,2840
T2,PZU,162736,20170922,2841,48.00,131.00,48.15,46.88,1546869.00,73754519.03,47.00,162736,gpw,2841
T2,PZU,162812,20170922,2842,48.02,100.00,48.15,46.88,1546969.00,73759321.03,47.00,162812,gpw,2842
T2,PZU,162815,20170922,2843,48.04,200.00,48.15,46.88,1547169.00,73768929.03,47.00,162815,gpw,2843
T2,PZU,162825,20170922,2844,48.02,192.00,48.15,46.88,1547361.00,73778148.87,47.00,162825,gpw,2844
T2,PZU,162825,20170922,2845,48.02,326.00,48.15,46.88,1547687.00,73793803.39,47.00,162825,gpw,2845
T2,PZU,162825,20170922,2846,48.02,482.00,48.15,46.88,1548169.00,73816949.03,47.00,162825,gpw,2846
T2,PZU,162825,20170922,2847,48.02,285.00,48.15,46.88,1548454.00,73830634.73,47.00,162825,gpw,2847
T2,PZU,162830,20170922,2848,48.03,108.00,48.15,46.88,1548562.00,73835821.97,47.00,162830,gpw,2848
T2,PZU,162835,20170922,2849,48.04,114.00,48.15,46.88,1548676.00,73841298.53,47.00,162835,gpw,2849
T2,PZU,162835,20170922,2850,48.05,486.00,48.15,46.88,1549162.00,73864650.83,47.00,162835,gpw,2850
T2,PZU,162920,20170922,2851,48.03,100.00,48.15,46.88,1549262.00,73869453.83,47.00,162920,gpw,2851
T2,PZU,162920,20170922,2852,48.03,200.00,48.15,46.88,1549462.00,73879059.83,47.00,162920,gpw,2852
T2,PZU,162921,20170922,2853,48.03,100.00,48.15,46.88,1549562.00,73883862.83,47.00,162921,gpw,2853
T2,PZU,162922,20170922,2854,48.03,100.00,48.15,46.88,1549662.00,73888665.83,47.00,162922,gpw,2854
T2,PZU,162959,20170922,2855,48.03,56.00,48.15,46.88,1549718.00,73891355.51,47.00,162959,gpw,2855
T2,PZU,162959,20170922,2856,48.03,44.00,48.15,46.88,1549762.00,73893468.83,47.00,162959,gpw,2856
T2,PZU,163043,20170922,2857,48.03,555.00,48.15,46.88,1550317.00,73920125.48,47.00,163043,gpw,2857
T2,PZU,163043,20170922,2858,48.03,164.00,48.15,46.88,1550481.00,73928002.40,47.00,163043,gpw,2858
T2,PZU,163043,20170922,2859,48.03,154.00,48.15,46.88,1550635.00,73935399.02,47.00,163043,gpw,2859
T2,PZU,163043,20170922,2860,48.02,844.00,48.15,46.88,1551479.00,73975927.90,47.00,163043,gpw,2860
T2,PZU,163043,20170922,2861,48.02,316.00,48.15,46.88,1551795.00,73991102.22,47.00,163043,gpw,2861
T2,PZU,163043,20170922,2862,48.02,316.00,48.15,46.88,1552111.00,74006276.54,47.00,163043,gpw,2862
T2,PZU,163043,20170922,2863,48.02,156.00,48.15,46.88,1552267.00,74013767.66,47.00,163043,gpw,2863
T2,PZU,163059,20170922,2864,48.02,445.00,48.15,46.88,1552712.00,74035136.56,47.00,163059,gpw,2864
T2,PZU,163059,20170922,2865,48.02,69.00,48.15,46.88,1552781.00,74038449.94,47.00,163059,gpw,2865
T2,PZU,163146,20170922,2866,48.04,480.00,48.15,46.88,1553261.00,74061509.14,47.00,163146,gpw,2866
T2,PZU,163146,20170922,2867,48.04,20.00,48.15,46.88,1553281.00,74062469.94,47.00,163146,gpw,2867
T2,PZU,163146,20170922,2868,48.04,79.00,48.15,46.88,1553360.00,74066265.10,47.00,163146,gpw,2868
T2,PZU,163147,20170922,2869,48.03,100.00,48.15,46.88,1553460.00,74071068.10,47.00,163147,gpw,2869
T2,PZU,163147,20170922,2870,48.03,100.00,48.15,46.88,1553560.00,74075871.10,47.00,163147,gpw,2870
T2,PZU,163309,20170922,2871,48.03,200.00,48.15,46.88,1553760.00,74085477.10,47.00,163309,gpw,2871
T2,PZU,163309,20170922,2872,48.02,867.00,48.15,46.88,1554627.00,74127110.44,47.00,163309,gpw,2872
T2,PZU,163309,20170922,2873,48.02,359.00,48.15,46.88,1554986.00,74144349.62,47.00,163309,gpw,2873
T2,PZU,163309,20170922,2874,48.01,280.00,48.15,46.88,1555266.00,74157792.42,47.00,163309,gpw,2874
T2,PZU,163326,20170922,2875,48.03,243.00,48.15,46.88,1555509.00,74169463.71,47.00,163326,gpw,2875
T2,PZU,163326,20170922,2876,48.03,92.00,48.15,46.88,1555601.00,74173882.47,47.00,163326,gpw,2876
T2,PZU,163326,20170922,2877,48.03,665.00,48.15,46.88,1556266.00,74205822.42,47.00,163326,gpw,2877
T2,PZU,163355,20170922,2878,48.01,6.00,48.15,46.88,1556272.00,74206110.48,47.00,163355,gpw,2878
T2,PZU,163407,20170922,2879,48.02,200.00,48.15,46.88,1556472.00,74215714.48,47.00,163407,gpw,2879
T2,PZU,163407,20170922,2880,48.02,425.00,48.15,46.88,1556897.00,74236122.98,47.00,163407,gpw,2880
T2,PZU,163407,20170922,2881,48.03,117.00,48.15,46.88,1557014.00,74241742.49,47.00,163407,gpw,2881
T2,PZU,163407,20170922,2882,48.03,290.00,48.15,46.88,1557304.00,74255671.19,47.00,163407,gpw,2882
T2,PZU,163426,20170922,2883,48.06,879.00,48.15,46.88,1558183.00,74297915.93,47.00,163426,gpw,2883
T2,PZU,163430,20170922,2884,48.03,243.00,48.15,46.88,1558426.00,74309587.22,47.00,163430,gpw,2884
T2,PZU,163430,20170922,2885,48.03,357.00,48.15,46.88,1558783.00,74326733.93,47.00,163430,gpw,2885
T2,PZU,163505,20170922,2886,48.02,375.00,48.15,46.88,1559158.00,74344741.43,47.00,163505,gpw,2886
T2,PZU,163505,20170922,2887,48.02,438.00,48.15,46.88,1559596.00,74365774.19,47.00,163505,gpw,2887
T2,PZU,163505,20170922,2888,48.02,36.00,48.15,46.88,1559632.00,74367502.91,47.00,163505,gpw,2888
T2,PZU,163654,20170922,2889,48.05,200.00,48.15,46.88,1559832.00,74377112.91,47.00,163654,gpw,2889
T2,PZU,163654,20170922,2890,48.05,114.00,48.15,46.88,1559946.00,74382590.61,47.00,163654,gpw,2890
T2,PZU,163708,20170922,2891,48.06,145.00,48.15,46.88,1560091.00,74389559.31,47.00,163708,gpw,2891
T2,PZU,163820,20170922,2892,48.06,694.00,48.15,46.88,1560785.00,74422912.95,47.00,163820,gpw,2892
T2,PZU,163820,20170922,2893,48.06,87.00,48.15,46.88,1560872.00,74427094.17,47.00,163820,gpw,2893
T2,PZU,163921,20170922,2894,48.06,100.00,48.15,46.88,1560972.00,74431900.17,47.00,163921,gpw,2894
T2,PZU,163927,20170922,2895,48.09,200.00,48.15,46.88,1561172.00,74441518.17,47.00,163927,gpw,2895
T2,PZU,163927,20170922,2896,48.09,1000.00,48.15,46.88,1562172.00,74489608.17,47.00,163927,gpw,2896
T2,PZU,163927,20170922,2897,48.09,100.00,48.15,46.88,1562272.00,74494417.17,47.00,163927,gpw,2897
T2,PZU,163927,20170922,2898,48.09,243.00,48.15,46.88,1562515.00,74506103.04,47.00,163927,gpw,2898
T2,PZU,163927,20170922,2899,48.10,41.00,48.15,46.88,1562556.00,74508075.14,47.00,163927,gpw,2899
T2,PZU,163927,20170922,2900,48.10,500.00,48.15,46.88,1563056.00,74532125.14,47.00,163927,gpw,2900
T2,PZU,163927,20170922,2901,48.10,5000.00,48.15,46.88,1568056.00,74772625.14,47.00,163927,gpw,2901
T2,PZU,163927,20170922,2902,48.10,250.00,48.15,46.88,1568306.00,74784650.14,47.00,163927,gpw,2902
T2,PZU,163928,20170922,2903,48.11,193.00,48.15,46.88,1568499.00,74793935.37,47.00,163928,gpw,2903
T2,PZU,163928,20170922,2904,48.10,100.00,48.15,46.88,1568599.00,74798745.37,47.00,163928,gpw,2904
T2,PZU,163928,20170922,2905,48.10,200.00,48.15,46.88,1568799.00,74808365.37,47.00,163928,gpw,2905
T2,PZU,163928,20170922,2906,48.10,44.00,48.15,46.88,1568843.00,74810481.77,47.00,163928,gpw,2906
T2,PZU,163928,20170922,2907,48.09,156.00,48.15,46.88,1568999.00,74817983.81,47.00,163928,gpw,2907
T2,PZU,163928,20170922,2908,48.09,181.00,48.15,46.88,1569180.00,74826688.10,47.00,163928,gpw,2908
T2,PZU,163928,20170922,2909,48.09,101.00,48.15,46.88,1569281.00,74831545.19,47.00,163928,gpw,2909
T2,PZU,163928,20170922,2910,48.08,99.00,48.15,46.88,1569380.00,74836305.11,47.00,163928,gpw,2910
T2,PZU,163928,20170922,2911,48.09,100.00,48.15,46.88,1569480.00,74841114.11,47.00,163928,gpw,2911
T2,PZU,163928,20170922,2912,48.08,300.00,48.15,46.88,1569780.00,74855538.11,47.00,163928,gpw,2912
T2,PZU,163928,20170922,2913,48.10,290.00,48.15,46.88,1570070.00,74869487.11,47.00,163928,gpw,2913
T2,PZU,163930,20170922,2914,48.11,686.00,48.15,46.88,1570756.00,74902490.57,47.00,163930,gpw,2914
T2,PZU,163930,20170922,2915,48.11,599.00,48.15,46.88,1571355.00,74931308.46,47.00,163930,gpw,2915
T2,PZU,163930,20170922,2916,48.10,54.00,48.15,46.88,1571409.00,74933905.86,47.00,163930,gpw,2916
T2,PZU,163930,20170922,2917,48.10,46.00,48.15,46.88,1571455.00,74936118.46,47.00,163930,gpw,2917
T2,PZU,163931,20170922,2918,48.10,200.00,48.15,46.88,1571655.00,74945738.46,47.00,163931,gpw,2918
T2,PZU,163933,20170922,2919,48.11,674.00,48.15,46.88,1572329.00,74978164.60,47.00,163933,gpw,2919
T2,PZU,163940,20170922,2920,48.11,533.00,48.15,46.88,1572862.00,75003807.23,47.00,163940,gpw,2920
T2,PZU,163940,20170922,2921,48.11,452.00,48.15,46.88,1573314.00,75025552.95,47.00,163940,gpw,2921
T2,PZU,164005,20170922,2922,48.10,353.00,48.15,46.88,1573667.00,75042532.25,47.00,164005,gpw,2922
T2,PZU,164005,20170922,2923,48.10,240.00,48.15,46.88,1573907.00,75054076.25,47.00,164005,gpw,2923
T2,PZU,164005,20170922,2924,48.10,540.00,48.15,46.88,1574447.00,75080050.25,47.00,164005,gpw,2924
T2,PZU,164005,20170922,2925,48.10,297.00,48.15,46.88,1574744.00,75094335.95,47.00,164005,gpw,2925
T2,PZU,164005,20170922,2926,48.10,47.00,48.15,46.88,1574791.00,75096596.65,47.00,164005,gpw,2926
T2,PZU,164005,20170922,2927,48.10,252.00,48.15,46.88,1575043.00,75108717.85,47.00,164005,gpw,2927
T2,PZU,164005,20170922,2928,48.10,128.00,48.15,46.88,1575171.00,75114874.65,47.00,164005,gpw,2928
T2,PZU,164005,20170922,2929,48.10,172.00,48.15,46.88,1575343.00,75123147.85,47.00,164005,gpw,2929
T2,PZU,164005,20170922,2930,48.10,229.00,48.15,46.88,1575572.00,75134162.75,47.00,164005,gpw,2930
T2,PZU,164005,20170922,2931,48.10,11.00,48.15,46.88,1575583.00,75134691.85,47.00,164005,gpw,2931
T2,PZU,164005,20170922,2932,48.11,422.00,48.15,46.88,1576005.00,75154994.27,47.00,164005,gpw,2932
T2,PZU,164005,20170922,2933,48.11,659.00,48.15,46.88,1576664.00,75186698.76,47.00,164005,gpw,2933
T2,PZU,164008,20170922,2934,48.10,86.00,48.15,46.88,1576750.00,75190835.36,47.00,164008,gpw,2934
T2,PZU,164027,20170922,2935,48.10,100.00,48.15,46.88,1576850.00,75195645.36,47.00,164027,gpw,2935
T2,PZU,164042,20170922,2936,48.10,72.00,48.15,46.88,1576922.00,75199108.56,47.00,164042,gpw,2936
T2,PZU,164042,20170922,2937,48.10,344.00,48.15,46.88,1577266.00,75215654.96,47.00,164042,gpw,2937
T2,PZU,164042,20170922,2938,48.10,394.00,48.15,46.88,1577660.00,75234606.36,47.00,164042,gpw,2938
T2,PZU,164042,20170922,2939,48.10,404.00,48.15,46.88,1578064.00,75254038.76,47.00,164042,gpw,2939
T2,PZU,164042,20170922,2940,48.10,200.00,48.15,46.88,1578264.00,75263658.76,47.00,164042,gpw,2940
T2,PZU,164124,20170922,2941,48.10,100.00,48.15,46.88,1578364.00,75268468.76,47.00,164124,gpw,2941
T2,PZU,164133,20170922,2942,48.10,294.00,48.15,46.88,1578658.00,75282610.16,47.00,164133,gpw,2942
T2,PZU,164133,20170922,2943,48.10,374.00,48.15,46.88,1579032.00,75300599.56,47.00,164133,gpw,2943
T2,PZU,164133,20170922,2944,48.10,344.00,48.15,46.88,1579376.00,75317145.96,47.00,164133,gpw,2944
T2,PZU,164133,20170922,2945,48.10,32.00,48.15,46.88,1579408.00,75318685.16,47.00,164133,gpw,2945
T2,PZU,164142,20170922,2946,48.11,220.00,48.15,46.88,1579628.00,75329269.36,47.00,164142,gpw,2946
T2,PZU,164142,20170922,2947,48.11,79.00,48.15,46.88,1579707.00,75333070.05,47.00,164142,gpw,2947
T2,PZU,164150,20170922,2948,48.11,193.00,48.15,46.88,1579900.00,75342355.28,47.00,164150,gpw,2948
T2,PZU,164150,20170922,2949,48.11,668.00,48.15,46.88,1580568.00,75374492.76,47.00,164150,gpw,2949
T2,PZU,164151,20170922,2950,48.10,652.00,48.15,46.88,1581220.00,75405853.96,47.00,164151,gpw,2950
T2,PZU,164216,20170922,2951,48.10,4348.00,48.15,46.88,1585568.00,75614992.76,47.00,164216,gpw,2951
T2,PZU,164216,20170922,2952,48.10,910.00,48.15,46.88,1586478.00,75658763.76,47.00,164216,gpw,2952
T2,PZU,164216,20170922,2953,48.10,148.00,48.15,46.88,1586626.00,75665882.56,47.00,164216,gpw,2953
T2,PZU,164216,20170922,2954,48.10,1443.00,48.15,46.88,1588069.00,75735290.86,47.00,164216,gpw,2954
T2,PZU,164216,20170922,2955,48.10,344.00,48.15,46.88,1588413.00,75751837.26,47.00,164216,gpw,2955
T2,PZU,164216,20170922,2956,48.10,424.00,48.15,46.88,1588837.00,75772231.66,47.00,164216,gpw,2956
T2,PZU,164216,20170922,2957,48.10,505.00,48.15,46.88,1589342.00,75796522.16,47.00,164216,gpw,2957
T2,PZU,164216,20170922,2958,48.09,711.00,48.15,46.88,1590053.00,75830714.15,47.00,164216,gpw,2958
T2,PZU,164216,20170922,2959,48.09,317.00,48.15,46.88,1590370.00,75845958.68,47.00,164216,gpw,2959
T2,PZU,164216,20170922,2960,48.09,301.00,48.15,46.88,1590671.00,75860433.77,47.00,164216,gpw,2960
T2,PZU,164216,20170922,2961,48.10,639.00,48.15,46.88,1591310.00,75891169.67,47.00,164216,gpw,2961
T2,PZU,164216,20170922,2962,48.10,505.00,48.15,46.88,1591815.00,75915460.17,47.00,164216,gpw,2962
T2,PZU,164216,20170922,2963,48.10,251.00,48.15,46.88,1592066.00,75927533.27,47.00,164216,gpw,2963
T2,PZU,164216,20170922,2964,48.10,205.00,48.15,46.88,1592271.00,75937393.77,47.00,164216,gpw,2964
T2,PZU,164216,20170922,2965,48.10,706.00,48.15,46.88,1592977.00,75971352.37,47.00,164216,gpw,2965
T2,PZU,164216,20170922,2966,48.09,282.00,48.15,46.88,1593259.00,75984913.75,47.00,164216,gpw,2966
T2,PZU,164216,20170922,2967,48.10,287.00,48.15,46.88,1593546.00,75998718.45,47.00,164216,gpw,2967
T2,PZU,164216,20170922,2968,48.10,501.00,48.15,46.88,1594047.00,76022816.55,47.00,164216,gpw,2968
T2,PZU,164218,20170922,2969,48.10,251.00,48.15,46.88,1594298.00,76034889.65,47.00,164218,gpw,2969
T2,PZU,164218,20170922,2970,48.10,380.00,48.15,46.88,1594678.00,76053167.65,47.00,164218,gpw,2970
T2,PZU,164218,20170922,2971,48.10,730.00,48.15,46.88,1595408.00,76088280.65,47.00,164218,gpw,2971
T2,PZU,164225,20170922,2972,48.10,394.00,48.15,46.88,1595802.00,76107232.05,47.00,164225,gpw,2972
T2,PZU,164225,20170922,2973,48.11,193.00,48.15,46.88,1595995.00,76116517.28,47.00,164225,gpw,2973
T2,PZU,164225,20170922,2974,48.11,43.00,48.15,46.88,1596038.00,76118586.01,47.00,164225,gpw,2974
T2,PZU,164259,20170922,2975,48.11,282.00,48.15,46.88,1596320.00,76132153.03,47.00,164259,gpw,2975
T2,PZU,164259,20170922,2976,48.11,9618.00,48.15,46.88,1605938.00,76594875.01,47.00,164259,gpw,2976
T2,PZU,164259,20170922,2977,48.11,100.00,48.15,46.88,1606038.00,76599686.01,47.00,164259,gpw,2977
T2,PZU,164259,20170922,2978,48.11,182.00,48.15,46.88,1606220.00,76608442.03,47.00,164259,gpw,2978
T2,PZU,164259,20170922,2979,48.11,376.00,48.15,46.88,1606596.00,76626531.39,47.00,164259,gpw,2979
T2,PZU,164259,20170922,2980,48.12,1000.00,48.15,46.88,1607596.00,76674651.39,47.00,164259,gpw,2980
T2,PZU,164310,20170922,2981,48.13,100.00,48.15,46.88,1607696.00,76679464.39,47.00,164310,gpw,2981
T2,PZU,164310,20170922,2982,48.13,84.00,48.15,46.88,1607780.00,76683507.31,47.00,164310,gpw,2982
T2,PZU,164310,20170922,2983,48.13,219.00,48.15,46.88,1607999.00,76694047.78,47.00,164310,gpw,2983
T2,PZU,164320,20170922,2984,48.12,100.00,48.15,46.88,1608099.00,76698859.78,47.00,164320,gpw,2984
T2,PZU,164324,20170922,2985,48.12,210.00,48.15,46.88,1608309.00,76708964.98,47.00,164324,gpw,2985
T2,PZU,164345,20170922,2986,48.12,300.00,48.15,46.88,1608609.00,76723400.98,47.00,164345,gpw,2986
T2,PZU,164345,20170922,2987,48.12,100.00,48.15,46.88,1608709.00,76728212.98,47.00,164345,gpw,2987
T2,PZU,164409,20170922,2988,48.12,100.00,48.15,46.88,1608809.00,76733024.98,47.00,164409,gpw,2988
T2,PZU,164409,20170922,2989,48.13,568.00,48.15,46.88,1609377.00,76760362.82,47.00,164409,gpw,2989
T2,PZU,164409,20170922,2990,48.13,119.00,48.15,46.88,1609496.00,76766090.29,47.00,164409,gpw,2990
T2,PZU,164409,20170922,2991,48.13,93.00,48.15,46.88,1609589.00,76770566.38,47.00,164409,gpw,2991
T2,PZU,164409,20170922,2992,48.14,500.00,48.15,46.88,1610089.00,76794636.38,47.00,164409,gpw,2992
T2,PZU,164409,20170922,2993,48.14,150.00,48.15,46.88,1610239.00,76801857.38,47.00,164409,gpw,2993
T2,PZU,164409,20170922,2994,48.14,113.00,48.15,46.88,1610352.00,76807297.20,47.00,164409,gpw,2994
T2,PZU,164424,20170922,2995,48.12,100.00,48.15,46.88,1610452.00,76812109.20,47.00,164424,gpw,2995
T2,PZU,164505,20170922,2996,48.12,100.00,48.15,46.88,1610552.00,76816921.20,47.00,164505,gpw,2996
T2,PZU,164512,20170922,2997,48.12,295.00,48.15,46.88,1610847.00,76831116.60,47.00,164512,gpw,2997
T2,PZU,164512,20170922,2998,48.12,559.00,48.15,46.88,1611406.00,76858015.68,47.00,164512,gpw,2998
T2,PZU,164512,20170922,2999,48.12,500.00,48.15,46.88,1611906.00,76882075.68,47.00,164512,gpw,2999
T2,PZU,164512,20170922,3000,48.12,74.00,48.15,46.88,1611980.00,76885636.56,47.00,164512,gpw,3000
T2,PZU,164512,20170922,3001,48.12,50.00,48.15,46.88,1612030.00,76888042.56,47.00,164512,gpw,3001
T2,PZU,164512,20170922,3002,48.12,258.00,48.15,46.88,1612288.00,76900457.52,47.00,164512,gpw,3002
T2,PZU,164512,20170922,3003,48.12,337.00,48.15,46.88,1612625.00,76916673.96,47.00,164512,gpw,3003
T2,PZU,164512,20170922,3004,48.11,324.00,48.15,46.88,1612949.00,76932261.60,47.00,164512,gpw,3004
T2,PZU,164512,20170922,3005,48.11,323.00,48.15,46.88,1613272.00,76947801.13,47.00,164512,gpw,3005
T2,PZU,164512,20170922,3006,48.11,1300.00,48.15,46.88,1614572.00,77010344.13,47.00,164512,gpw,3006
T2,PZU,164512,20170922,3007,48.10,275.00,48.15,46.88,1614847.00,77023571.63,47.00,164512,gpw,3007
T2,PZU,164512,20170922,3008,48.10,1000.00,48.15,46.88,1615847.00,77071671.63,47.00,164512,gpw,3008
T2,PZU,164512,20170922,3009,48.10,377.00,48.15,46.88,1616224.00,77089805.33,47.00,164512,gpw,3009
T2,PZU,164512,20170922,3010,48.10,317.00,48.15,46.88,1616541.00,77105053.03,47.00,164512,gpw,3010
T2,PZU,164513,20170922,3011,48.10,276.00,48.15,46.88,1616817.00,77118328.63,47.00,164513,gpw,3011
T2,PZU,164513,20170922,3012,48.10,276.00,48.15,46.88,1617093.00,77131604.23,47.00,164513,gpw,3012
T2,PZU,164513,20170922,3013,48.10,276.00,48.15,46.88,1617369.00,77144879.83,47.00,164513,gpw,3013
T2,PZU,164514,20170922,3014,48.10,276.00,48.15,46.88,1617645.00,77158155.43,47.00,164514,gpw,3014
T2,PZU,164519,20170922,3015,48.10,96.00,48.15,46.88,1617741.00,77162773.03,47.00,164519,gpw,3015
T2,PZU,164520,20170922,3016,48.11,100.00,48.15,46.88,1617841.00,77167584.03,47.00,164520,gpw,3016
T2,PZU,164522,20170922,3017,48.12,100.00,48.15,46.88,1617941.00,77172396.03,47.00,164522,gpw,3017
T2,PZU,164522,20170922,3018,48.13,500.00,48.15,46.88,1618441.00,77196461.03,47.00,164522,gpw,3018
T2,PZU,164522,20170922,3019,48.14,279.00,48.15,46.88,1618720.00,77209892.09,47.00,164522,gpw,3019
T2,PZU,164523,20170922,3020,48.14,517.00,48.15,46.88,1619237.00,77234780.47,47.00,164523,gpw,3020
T2,PZU,164543,20170922,3021,48.12,100.00,48.15,46.88,1619337.00,77239592.47,47.00,164543,gpw,3021
T2,PZU,164543,20170922,3022,48.12,100.00,48.15,46.88,1619437.00,77244404.47,47.00,164543,gpw,3022
T2,PZU,164543,20170922,3023,48.14,91.00,48.15,46.88,1619528.00,77248785.21,47.00,164543,gpw,3023
T2,PZU,164543,20170922,3024,48.14,298.00,48.15,46.88,1619826.00,77263130.93,47.00,164543,gpw,3024
T2,PZU,164543,20170922,3025,48.14,274.00,48.15,46.88,1620100.00,77276321.29,47.00,164543,gpw,3025
T2,PZU,164550,20170922,3026,48.14,3726.00,48.15,46.88,1623826.00,77455690.93,47.00,164550,gpw,3026
T2,PZU,164550,20170922,3027,48.14,150.00,48.15,46.88,1623976.00,77462911.93,47.00,164550,gpw,3027
T2,PZU,164550,20170922,3028,48.14,378.00,48.15,46.88,1624354.00,77481108.85,47.00,164550,gpw,3028
T2,PZU,164550,20170922,3029,48.14,500.00,48.15,46.88,1624854.00,77505178.85,47.00,164550,gpw,3029
T2,PZU,164550,20170922,3030,48.14,2788.00,48.15,46.88,1627642.00,77639393.17,47.00,164550,gpw,3030
T2,PZU,164550,20170922,3031,48.14,993.00,48.15,46.88,1628635.00,77687196.19,47.00,164550,gpw,3031
T2,PZU,164550,20170922,3032,48.14,7.00,48.15,46.88,1628642.00,77687533.17,47.00,164550,gpw,3032
T2,PZU,164550,20170922,3033,48.14,420.00,48.15,46.88,1629062.00,77707751.97,47.00,164550,gpw,3033
T2,PZU,164550,20170922,3034,48.14,195.00,48.15,46.88,1629257.00,77717139.27,47.00,164550,gpw,3034
T2,PZU,164550,20170922,3035,48.14,1334.00,48.15,46.88,1630591.00,77781358.03,47.00,164550,gpw,3035
T2,PZU,164550,20170922,3036,48.14,471.00,48.15,46.88,1631062.00,77804031.97,47.00,164550,gpw,3036
T2,PZU,164550,20170922,3037,48.14,879.00,48.15,46.88,1631941.00,77846347.03,47.00,164550,gpw,3037
T2,PZU,164551,20170922,3038,48.14,581.00,48.15,46.88,1632522.00,77874316.37,47.00,164551,gpw,3038
T2,PZU,164551,20170922,3039,48.14,460.00,48.15,46.88,1632982.00,77896460.77,47.00,164551,gpw,3039
T2,PZU,164551,20170922,3040,48.14,363.00,48.15,46.88,1633345.00,77913935.59,47.00,164551,gpw,3040
T2,PZU,164551,20170922,3041,48.14,700.00,48.15,46.88,1634045.00,77947633.59,47.00,164551,gpw,3041
T2,PZU,164551,20170922,3042,48.14,576.00,48.15,46.88,1634621.00,77975362.23,47.00,164551,gpw,3042
T2,PZU,164600,20170922,3043,48.13,50.00,48.15,46.88,1634671.00,77977768.73,47.00,164600,gpw,3043
T2,PZU,164600,20170922,3044,48.14,534.00,48.15,46.88,1635205.00,78003475.49,47.00,164600,gpw,3044
T2,PZU,164600,20170922,3045,48.14,4314.00,48.15,46.88,1639519.00,78211151.45,47.00,164600,gpw,3045
T2,PZU,164600,20170922,3046,48.15,4518.00,48.15,46.88,1644037.00,78428693.15,47.00,164600,gpw,3046
T2,PZU,164600,20170922,3047,48.15,30.00,48.15,46.88,1644067.00,78430137.65,47.00,164600,gpw,3047
T2,PZU,164600,20170922,3048,48.15,35.00,48.15,46.88,1644102.00,78431822.90,47.00,164600,gpw,3048
T2,PZU,164600,20170922,3049,48.15,815.00,48.15,46.88,1644917.00,78471065.15,47.00,164600,gpw,3049
T2,PZU,164600,20170922,3050,48.15,300.00,48.15,46.88,1645217.00,78485510.15,47.00,164600,gpw,3050
T2,PZU,164600,20170922,3051,48.15,100.00,48.15,46.88,1645317.00,78490325.15,47.00,164600,gpw,3051
T2,PZU,164600,20170922,3052,48.15,3000.00,48.15,46.88,1648317.00,78634775.15,47.00,164600,gpw,3052
T2,PZU,164600,20170922,3053,48.16,21.00,48.16,46.88,1648338.00,78635786.51,47.00,164600,gpw,3053
T2,PZU,164600,20170922,3054,48.16,410.00,48.16,46.88,1648748.00,78655532.11,47.00,164600,gpw,3054
T2,PZU,164600,20170922,3055,48.18,100.00,48.18,46.88,1648848.00,78660350.11,47.00,164600,gpw,3055
T2,PZU,164600,20170922,3056,48.19,51.00,48.19,46.88,1648899.00,78662807.80,47.00,164600,gpw,3056
T2,PZU,164600,20170922,3057,48.19,500.00,48.19,46.88,1649399.00,78686902.80,47.00,164600,gpw,3057
T2,PZU,164600,20170922,3058,48.19,200.00,48.19,46.88,1649599.00,78696540.80,47.00,164600,gpw,3058
T2,PZU,164601,20170922,3059,48.20,50.00,48.20,46.88,1649649.00,78698950.80,47.00,164601,gpw,3059
T2,PZU,164601,20170922,3060,48.20,200.00,48.20,46.88,1649849.00,78708590.80,47.00,164601,gpw,3060
T2,PZU,164601,20170922,3061,48.20,27.00,48.20,46.88,1649876.00,78709892.20,47.00,164601,gpw,3061
T2,PZU,164601,20170922,3062,48.20,91.00,48.20,46.88,1649967.00,78714278.40,47.00,164601,gpw,3062
T2,PZU,164601,20170922,3063,48.20,191.00,48.20,46.88,1650158.00,78723484.60,47.00,164601,gpw,3063
T2,PZU,164601,20170922,3064,48.20,289.00,48.20,46.88,1650447.00,78737414.40,47.00,164601,gpw,3064
T2,PZU,164601,20170922,3065,48.19,100.00,48.20,46.88,1650547.00,78742233.40,47.00,164601,gpw,3065
T2,PZU,164601,20170922,3066,48.20,250.00,48.20,46.88,1650797.00,78754283.40,47.00,164601,gpw,3066
T2,PZU,164601,20170922,3067,48.20,50.00,48.20,46.88,1650847.00,78756693.40,47.00,164601,gpw,3067
T2,PZU,164601,20170922,3068,48.20,20.00,48.20,46.88,1650867.00,78757657.40,47.00,164601,gpw,3068
T2,PZU,164601,20170922,3069,48.20,69.00,48.20,46.88,1650936.00,78760983.20,47.00,164601,gpw,3069
T2,PZU,164601,20170922,3070,48.20,81.00,48.20,46.88,1651017.00,78764887.40,47.00,164601,gpw,3070
T2,PZU,164601,20170922,3071,48.20,680.00,48.20,46.88,1651697.00,78797663.40,47.00,164601,gpw,3071
T2,PZU,164601,20170922,3072,48.20,200.00,48.20,46.88,1651897.00,78807303.40,47.00,164601,gpw,3072
T2,PZU,164601,20170922,3073,48.20,100.00,48.20,46.88,1651997.00,78812123.40,47.00,164601,gpw,3073
T2,PZU,164601,20170922,3074,48.20,200.00,48.20,46.88,1652197.00,78821763.40,47.00,164601,gpw,3074
T2,PZU,164601,20170922,3075,48.20,100.00,48.20,46.88,1652297.00,78826583.40,47.00,164601,gpw,3075
T2,PZU,164602,20170922,3076,48.20,200.00,48.20,46.88,1652497.00,78836223.40,47.00,164602,gpw,3076
T2,PZU,164602,20170922,3077,48.22,33.00,48.22,46.88,1652530.00,78837814.66,47.00,164602,gpw,3077
T2,PZU,164602,20170922,3078,48.22,20.00,48.22,46.88,1652550.00,78838779.06,47.00,164602,gpw,3078
T2,PZU,164602,20170922,3079,48.23,200.00,48.23,46.88,1652750.00,78848425.06,47.00,164602,gpw,3079
T2,PZU,164602,20170922,3080,48.24,100.00,48.24,46.88,1652850.00,78853249.06,47.00,164602,gpw,3080
T2,PZU,164602,20170922,3081,48.24,147.00,48.24,46.88,1652997.00,78860340.34,47.00,164602,gpw,3081
T2,PZU,164602,20170922,3082,48.20,156.00,48.24,46.88,1653153.00,78867859.54,47.00,164602,gpw,3082
T2,PZU,164602,20170922,3083,48.20,44.00,48.24,46.88,1653197.00,78869980.34,47.00,164602,gpw,3083
T2,PZU,164602,20170922,3084,48.24,100.00,48.24,46.88,1653297.00,78874804.34,47.00,164602,gpw,3084
T2,PZU,164602,20170922,3085,48.24,200.00,48.24,46.88,1653497.00,78884452.34,47.00,164602,gpw,3085
T2,PZU,164602,20170922,3086,48.24,100.00,48.24,46.88,1653597.00,78889276.34,47.00,164602,gpw,3086
T2,PZU,164617,20170922,3087,48.24,700.00,48.24,46.88,1654297.00,78923044.34,47.00,164617,gpw,3087
T2,PZU,164617,20170922,3088,48.24,299.00,48.24,46.88,1654596.00,78937468.10,47.00,164617,gpw,3088
T2,PZU,164617,20170922,3089,48.25,300.00,48.25,46.88,1654896.00,78951943.10,47.00,164617,gpw,3089
T2,PZU,164617,20170922,3090,48.25,99.00,48.25,46.88,1654995.00,78956719.85,47.00,164617,gpw,3090
T2,PZU,164617,20170922,3091,48.26,35.00,48.26,46.88,1655030.00,78958408.95,47.00,164617,gpw,3091
T2,PZU,164617,20170922,3092,48.28,100.00,48.28,46.88,1655130.00,78963236.95,47.00,164617,gpw,3092
T2,PZU,164617,20170922,3093,48.28,305.00,48.28,46.88,1655435.00,78977962.35,47.00,164617,gpw,3093
T2,PZU,164620,20170922,3094,48.25,100.00,48.28,46.88,1655535.00,78982787.35,47.00,164620,gpw,3094
T2,PZU,164634,20170922,3095,48.29,34.00,48.29,46.88,1655569.00,78984429.21,47.00,164634,gpw,3095
T2,PZU,164634,20170922,3096,48.29,25.00,48.29,46.88,1655594.00,78985636.46,47.00,164634,gpw,3096
T2,PZU,164634,20170922,3097,48.29,151.00,48.29,46.88,1655745.00,78992928.25,47.00,164634,gpw,3097
T2,PZU,164634,20170922,3098,48.25,400.00,48.29,46.88,1656145.00,79012228.25,47.00,164634,gpw,3098
T2,PZU,164636,20170922,3099,48.25,100.00,48.29,46.88,1656245.00,79017053.25,47.00,164636,gpw,3099
T2,PZU,164636,20170922,3100,48.25,185.00,48.29,46.88,1656430.00,79025979.50,47.00,164636,gpw,3100
T2,PZU,164639,20170922,3101,48.24,77.00,48.29,46.88,1656507.00,79029693.98,47.00,164639,gpw,3101
T2,PZU,164647,20170922,3102,48.24,11.00,48.29,46.88,1656518.00,79030224.62,47.00,164647,gpw,3102
T2,PZU,164701,20170922,3103,48.24,288.00,48.29,46.88,1656806.00,79044117.74,47.00,164701,gpw,3103
T2,PZU,164705,20170922,3104,48.21,400.00,48.29,46.88,1657206.00,79063401.74,47.00,164705,gpw,3104
T2,PZU,164705,20170922,3105,48.21,219.00,48.29,46.88,1657425.00,79073959.73,47.00,164705,gpw,3105
T2,PZU,164735,20170922,3106,48.17,100.00,48.29,46.88,1657525.00,79078776.73,47.00,164735,gpw,3106
T2,PZU,164735,20170922,3107,48.17,100.00,48.29,46.88,1657625.00,79083593.73,47.00,164735,gpw,3107
T2,PZU,164736,20170922,3108,48.17,300.00,48.29,46.88,1657925.00,79098044.73,47.00,164736,gpw,3108
T2,PZU,164743,20170922,3109,48.17,300.00,48.29,46.88,1658225.00,79112495.73,47.00,164743,gpw,3109
T2,PZU,164743,20170922,3110,48.17,100.00,48.29,46.88,1658325.00,79117312.73,47.00,164743,gpw,3110
T2,PZU,164757,20170922,3111,48.17,100.00,48.29,46.88,1658425.00,79122129.73,47.00,164757,gpw,3111
T2,PZU,164808,20170922,3112,48.19,38.00,48.29,46.88,1658463.00,79123960.95,47.00,164808,gpw,3112
T2,PZU,164808,20170922,3113,48.19,27.00,48.29,46.88,1658490.00,79125262.08,47.00,164808,gpw,3113
T2,PZU,164808,20170922,3114,48.20,5.00,48.29,46.88,1658495.00,79125503.08,47.00,164808,gpw,3114
T2,PZU,164808,20170922,3115,48.20,1930.00,48.29,46.88,1660425.00,79218529.08,47.00,164808,gpw,3115
T2,PZU,164808,20170922,3116,48.20,500.00,48.29,46.88,1660925.00,79242629.08,47.00,164808,gpw,3116
T2,PZU,164809,20170922,3117,48.17,200.00,48.29,46.88,1661125.00,79252263.08,47.00,164809,gpw,3117
T2,PZU,164828,20170922,3118,48.20,879.00,48.29,46.88,1662004.00,79294630.88,47.00,164828,gpw,3118
T2,PZU,164828,20170922,3119,48.20,480.00,48.29,46.88,1662484.00,79317766.88,47.00,164828,gpw,3119
T2,PZU,164828,20170922,3120,48.20,268.00,48.29,46.88,1662752.00,79330684.48,47.00,164828,gpw,3120
T2,PZU,164840,20170922,3121,48.19,100.00,48.29,46.88,1662852.00,79335503.48,47.00,164840,gpw,3121
T2,PZU,164840,20170922,3122,48.20,11223.00,48.29,46.88,1674075.00,79876452.08,47.00,164840,gpw,3122
T2,PZU,164840,20170922,3123,48.20,1145.00,48.29,46.88,1675220.00,79931641.08,47.00,164840,gpw,3123
T2,PZU,164840,20170922,3124,48.20,3769.00,48.29,46.88,1678989.00,80113306.88,47.00,164840,gpw,3124
T2,PZU,164840,20170922,3125,48.20,575.00,48.29,46.88,1679564.00,80141021.88,47.00,164840,gpw,3125
T2,PZU,164840,20170922,3126,48.20,1086.00,48.29,46.88,1680650.00,80193367.08,47.00,164840,gpw,3126
T2,PZU,164843,20170922,3127,48.20,1118.00,48.29,46.88,1681768.00,80247254.68,47.00,164843,gpw,3127
T2,PZU,164843,20170922,3128,48.20,433.00,48.29,46.88,1682201.00,80268125.28,47.00,164843,gpw,3128
T2,PZU,164845,20170922,3129,48.20,100.00,48.29,46.88,1682301.00,80272945.28,47.00,164845,gpw,3129
T2,PZU,164847,20170922,3130,48.20,500.00,48.29,46.88,1682801.00,80297045.28,47.00,164847,gpw,3130
T2,PZU,164854,20170922,3131,48.20,879.00,48.29,46.88,1683680.00,80339413.08,47.00,164854,gpw,3131
T2,PZU,164854,20170922,3132,48.20,115.00,48.29,46.88,1683795.00,80344956.08,47.00,164854,gpw,3132
T2,PZU,164854,20170922,3133,48.20,113.00,48.29,46.88,1683908.00,80350402.68,47.00,164854,gpw,3133
T2,PZU,164855,20170922,3134,48.25,100.00,48.29,46.88,1684008.00,80355227.68,47.00,164855,gpw,3134
T2,PZU,164855,20170922,3135,48.25,100.00,48.29,46.88,1684108.00,80360052.68,47.00,164855,gpw,3135
T2,PZU,164856,20170922,3136,48.25,100.00,48.29,46.88,1684208.00,80364877.68,47.00,164856,gpw,3136
T2,PZU,164856,20170922,3137,48.25,100.00,48.29,46.88,1684308.00,80369702.68,47.00,164856,gpw,3137
T2,PZU,164900,20170922,3138,48.28,413.00,48.29,46.88,1684721.00,80389642.32,47.00,164900,gpw,3138
T2,PZU,164903,20170922,3139,48.25,40.00,48.29,46.88,1684761.00,80391572.32,47.00,164903,gpw,3139
T2,PZU,164903,20170922,3140,48.25,74.00,48.29,46.88,1684835.00,80395142.82,47.00,164903,gpw,3140
T2,PZU,164905,20170922,3141,48.25,100.00,48.29,46.88,1684935.00,80399967.82,47.00,164905,gpw,3141
T2,PZU,164908,20170922,3142,48.25,100.00,48.29,46.88,1685035.00,80404792.82,47.00,164908,gpw,3142
T2,PZU,164908,20170922,3143,48.25,300.00,48.29,46.88,1685335.00,80419267.82,47.00,164908,gpw,3143
T2,PZU,164908,20170922,3144,48.25,100.00,48.29,46.88,1685435.00,80424092.82,47.00,164908,gpw,3144
T2,PZU,164910,20170922,3145,48.25,45.00,48.29,46.88,1685480.00,80426264.07,47.00,164910,gpw,3145
T2,PZU,164912,20170922,3146,48.25,100.00,48.29,46.88,1685580.00,80431089.07,47.00,164912,gpw,3146
T2,PZU,164918,20170922,3147,48.25,640.00,48.29,46.88,1686220.00,80461969.07,47.00,164918,gpw,3147
T2,PZU,164918,20170922,3148,48.25,286.00,48.29,46.88,1686506.00,80475768.57,47.00,164918,gpw,3148
T2,PZU,164918,20170922,3149,48.24,294.00,48.29,46.88,1686800.00,80489951.13,47.00,164918,gpw,3149
T2,PZU,164918,20170922,3150,48.24,307.00,48.29,46.88,1687107.00,80504760.81,47.00,164918,gpw,3150
T2,PZU,164918,20170922,3151,48.24,258.00,48.29,46.88,1687365.00,80517206.73,47.00,164918,gpw,3151
T2,PZU,164918,20170922,3152,48.25,286.00,48.29,46.88,1687651.00,80531006.23,47.00,164918,gpw,3152
T2,PZU,164918,20170922,3153,48.24,397.00,48.29,46.88,1688048.00,80550157.51,47.00,164918,gpw,3153
T2,PZU,164925,20170922,3154,48.15,4.00,48.29,46.88,1688052.00,80550350.11,47.00,164925,gpw,3154
T2,PZU,164930,20170922,3155,48.15,30.00,48.29,46.88,1688082.00,80551794.61,47.00,164930,gpw,3155
T2,PZU,164930,20170922,3156,48.15,97.00,48.29,46.88,1688179.00,80556465.16,47.00,164930,gpw,3156
T2,PZU,164930,20170922,3157,48.15,200.00,48.29,46.88,1688379.00,80566095.16,47.00,164930,gpw,3157
T2,PZU,164941,20170922,3158,48.20,170.00,48.29,46.88,1688549.00,80574289.16,47.00,164941,gpw,3158
T2,PZU,164941,20170922,3159,48.20,117.00,48.29,46.88,1688666.00,80579928.56,47.00,164941,gpw,3159
T2,PZU,164942,20170922,3160,48.20,147.00,48.29,46.88,1688813.00,80587013.96,47.00,164942,gpw,3160
T2,PZU,164945,20170922,3161,48.20,30.00,48.29,46.88,1688843.00,80588459.96,47.00,164945,gpw,3161
T2,PZU,164945,20170922,3162,48.24,264.00,48.29,46.88,1689107.00,80601195.32,47.00,164945,gpw,3162
T2,PZU,164945,20170922,3163,48.24,88.00,48.29,46.88,1689195.00,80605440.44,47.00,164945,gpw,3163
T2,PZU,164945,20170922,3164,48.24,29.00,48.29,46.88,1689224.00,80606839.40,47.00,164945,gpw,3164
T2,PZU,164949,20170922,3165,48.24,101.00,48.29,46.88,1689325.00,80611711.64,47.00,164949,gpw,3165
T2,PZU,164949,20170922,3166,48.24,370.00,48.29,46.88,1689695.00,80629560.44,47.00,164949,gpw,3166
T2,PZU,164949,20170922,3167,48.25,9235.00,48.29,46.88,1698930.00,81075149.19,47.00,164949,gpw,3167
T2,PZU,164949,20170922,3168,48.25,1081.00,48.29,46.88,1700011.00,81127307.44,47.00,164949,gpw,3168
T2,PZU,164949,20170922,3169,48.25,651.00,48.29,46.88,1700662.00,81158718.19,47.00,164949,gpw,3169
T2,PZU,164955,20170922,3170,48.24,200.00,48.29,46.88,1700862.00,81168366.19,47.00,164955,gpw,3170
T2,PZU,164955,20170922,3171,48.25,12821.00,48.29,46.88,1713683.00,81786979.44,47.00,164955,gpw,3171
T2,PZU,164955,20170922,3172,48.25,200.00,48.29,46.88,1713883.00,81796629.44,47.00,164955,gpw,3172
T2,PZU,164955,20170922,3173,48.25,1300.00,48.29,46.88,1715183.00,81859354.44,47.00,164955,gpw,3173
T2,PZU,164956,20170922,3174,48.25,100.00,48.29,46.88,1715283.00,81864179.44,47.00,164956,gpw,3174
T2,PZU,164956,20170922,3175,48.26,142.00,48.29,46.88,1715425.00,81871032.36,47.00,164956,gpw,3175
T2,PZU,164957,20170922,3176,48.25,200.00,48.29,46.88,1715625.00,81880682.36,47.00,164957,gpw,3176
T2,PZU,170000,20170922,3177,48.10,114.00,48.29,46.88,1715739.00,81886165.76,47.00,170000,gpw,3177
T2,PZU,170000,20170922,3178,48.10,653.00,48.29,46.88,1716392.00,81917575.06,47.00,170000,gpw,3178
T2,PZU,170000,20170922,3179,48.10,444.00,48.29,46.88,1716836.00,81938931.46,47.00,170000,gpw,3179
T2,PZU,170000,20170922,3180,48.10,26537.00,48.29,46.88,1743373.00,83215361.16,47.00,170000,gpw,3180
T2,PZU,170000,20170922,3181,48.10,104.00,48.29,46.88,1743477.00,83220363.56,47.00,170000,gpw,3181
T2,PZU,170000,20170922,3182,48.10,25.00,48.29,46.88,1743502.00,83221566.06,47.00,170000,gpw,3182
T2,PZU,170000,20170922,3183,48.10,1300.00,48.29,46.88,1744802.00,83284096.06,47.00,170000,gpw,3183
T2,PZU,170000,20170922,3184,48.10,5326.00,48.29,46.88,1750128.00,83540276.66,47.00,170000,gpw,3184
T2,PZU,170000,20170922,3185,48.10,4840.00,48.29,46.88,1754968.00,83773080.66,47.00,170000,gpw,3185
T2,PZU,170000,20170922,3186,48.10,10.00,48.29,46.88,1754978.00,83773561.66,47.00,170000,gpw,3186
T2,PZU,170000,20170922,3187,48.10,50.00,48.29,46.88,1755028.00,83775966.66,47.00,170000,gpw,3187
T2,PZU,170000,20170922,3188,48.10,10690.00,48.29,46.88,1765718.00,84290155.66,47.00,170000,gpw,3188
T2,PZU,170000,20170922,3189,48.10,540.00,48.29,46.88,1766258.00,84316129.66,47.00,170000,gpw,3189
T2,PZU,170000,20170922,3190,48.10,435.00,48.29,46.88,1766693.00,84337053.16,47.00,170000,gpw,3190
T2,PZU,170000,20170922,3191,48.10,5178.00,48.29,46.88,1771871.00,84586114.96,47.00,170000,gpw,3191
T2,PZU,170000,20170922,3192,48.10,1246.00,48.29,46.88,1773117.00,84646047.56,47.00,170000,gpw,3192
T2,PZU,170000,20170922,3193,48.10,4112.00,48.29,46.88,1777229.00,84843834.76,47.00,170000,gpw,3193
T2,PZU,170000,20170922,3194,48.10,6246.00,48.29,46.88,1783475.00,85144267.36,47.00,170000,gpw,3194
T2,PZU,170000,20170922,3195,48.10,4616.00,48.29,46.88,1788091.00,85366296.96,47.00,170000,gpw,3195
T2,PZU,170000,20170922,3196,48.10,10026.00,48.29,46.88,1798117.00,85848547.56,47.00,170000,gpw,3196
T2,PZU,170000,20170922,3197,48.10,894.00,48.29,46.88,1799011.00,85891548.96,47.00,170000,gpw,3197
T2,PZU,170000,20170922,3198,48.10,22.00,48.29,46.88,1799033.00,85892607.16,47.00,170000,gpw,3198
T2,PZU,170000,20170922,3199,48.10,475.00,48.29,46.88,1799508.00,85915454.66,47.00,170000,gpw,3199
T2,PZU,170000,20170922,3200,48.10,460.00,48.29,46.88,1799968.00,85937580.66,47.00,170000,gpw,3200
T2,PZU,170000,20170922,3201,48.10,450.00,48.29,46.88,1800418.00,85959225.66,47.00,170000,gpw,3201
T2,PZU,170000,20170922,3202,48.10,303.00,48.29,46.88,1800721.00,85973799.96,47.00,170000,gpw,3202
T2,PZU,170000,20170922,3203,48.10,1005.00,48.29,46.88,1801726.00,86022140.46,47.00,170000,gpw,3203
T2,PZU,170000,20170922,3204,48.10,515.00,48.29,46.88,1802241.00,86046911.96,47.00,170000,gpw,3204
T2,PZU,170000,20170922,3205,48.10,39.00,48.29,46.88,1802280.00,86048787.86,47.00,170000,gpw,3205
T2,PZU,170000,20170922,3206,48.10,167.00,48.29,46.88,1802447.00,86056820.56,47.00,170000,gpw,3206
T2,PZU,170000,20170922,3207,48.10,3868.00,48.29,46.88,1806315.00,86242871.36,47.00,170000,gpw,3207
T2,PZU,170000,20170922,3208,48.10,2171.00,48.29,46.88,1808486.00,86347296.46,47.00,170000,gpw,3208
T2,PZU,170000,20170922,3209,48.10,100.00,48.29,46.88,1808586.00,86352106.46,47.00,170000,gpw,3209
T2,PZU,170000,20170922,3210,48.10,2156.00,48.29,46.88,1810742.00,86455810.06,47.00,170000,gpw,3210
T2,PZU,170000,20170922,3211,48.10,468.00,48.29,46.88,1811210.00,86478320.86,47.00,170000,gpw,3211
T2,PZU,170000,20170922,3212,48.10,1455.00,48.29,46.88,1812665.00,86548306.36,47.00,170000,gpw,3212
T2,PZU,170000,20170922,3213,48.10,921.00,48.29,46.88,1813586.00,86592606.46,47.00,170000,gpw,3213
T2,PZU,170000,20170922,3214,48.10,282.00,48.29,46.88,1813868.00,86606170.66,47.00,170000,gpw,3214
T2,PZU,170000,20170922,3215,48.10,413.00,48.29,46.88,1814281.00,86626035.96,47.00,170000,gpw,3215
T2,PZU,170000,20170922,3216,48.10,100.00,48.29,46.88,1814381.00,86630845.96,47.00,170000,gpw,3216
T2,PZU,170000,20170922,3217,48.10,4.00,48.29,46.88,1814385.00,86631038.36,47.00,170000,gpw,3217
T2,PZU,170000,20170922,3218,48.10,100.00,48.29,46.88,1814485.00,86635848.36,47.00,170000,gpw,3218
T2,PZU,170000,20170922,3219,48.10,883.00,48.29,46.88,1815368.00,86678320.66,47.00,170000,gpw,3219
T2,PZU,170000,20170922,3220,48.10,400.00,48.29,46.88,1815768.00,86697560.66,47.00,170000,gpw,3220
T2,PZU,170000,20170922,3221,48.10,800.00,48.29,46.88,1816568.00,86736040.66,47.00,170000,gpw,3221
T2,PZU,170000,20170922,3222,48.10,12.00,48.29,46.88,1816580.00,86736617.86,47.00,170000,gpw,3222
T2,PZU,170000,20170922,3223,48.10,100.00,48.29,46.88,1816680.00,86741427.86,47.00,170000,gpw,3223
T2,PZU,170000,20170922,3224,48.10,1000.00,48.29,46.88,1817680.00,86789527.86,47.00,170000,gpw,3224
T2,PZU,170000,20170922,3225,48.10,232.00,48.29,46.88,1817912.00,86800687.06,47.00,170000,gpw,3225
T2,PZU,170000,20170922,3226,48.10,100.00,48.29,46.88,1818012.00,86805497.06,47.00,170000,gpw,3226
T2,PZU,170000,20170922,3227,48.10,2323.00,48.29,46.88,1820335.00,86917233.36,47.00,170000,gpw,3227
T2,PZU,170000,20170922,3228,48.10,295.00,48.29,46.88,1820630.00,86931422.86,47.00,170000,gpw,3228
T2,PZU,170000,20170922,3229,48.10,229.00,48.29,46.88,1820859.00,86942437.76,47.00,170000,gpw,3229
T2,PZU,170000,20170922,3230,48.10,1072.00,48.29,46.88,1821931.00,86994000.96,47.00,170000,gpw,3230
T2,PZU,170000,20170922,3231,48.10,25.00,48.29,46.88,1821956.00,86995203.46,47.00,170000,gpw,3231
T2,PZU,170000,20170922,3232,48.10,430.00,48.29,46.88,1822386.00,87015886.46,47.00,170000,gpw,3232
T2,PZU,170000,20170922,3233,48.10,9901.00,48.29,46.88,1832287.00,87492124.56,47.00,170000,gpw,3233
T2,PZU,170000,20170922,3234,48.10,100.00,48.29,46.88,1832387.00,87496934.56,47.00,170000,gpw,3234
T2,PZU,170000,20170922,3235,48.10,30.00,48.29,46.88,1832417.00,87498377.56,47.00,170000,gpw,3235
T2,PZU,170002,20170922,3236,48.10,7068.00,48.29,46.88,1839485.00,87838348.36,47.00,170002,gpw,3236
T2,PZU,170121,20170922,3237,48.10,17932.00,48.29,46.88,1857417.00,88700877.56,47.00,170121,gpw,3237
T2,PZU,170133,20170922,3238,48.10,7068.00,48.29,46.88,1864485.00,89040848.36,47.00,170133,gpw,3238
T2,PZU,170200,20170922,3239,48.10,100.00,48.29,46.88,1864585.00,89045658.36,47.00,170200,gpw,3239
T2,PZU,170226,20170922,3240,48.10,100.00,48.29,46.88,1864685.00,89050468.36,47.00,170226,gpw,3240
T2,PZU,170404,20170922,3241,48.10,100.00,48.29,46.88,1864785.00,89055278.36,47.00,170404,gpw,3241
